288
// positions        // normals          // texture coords

// back
-1.0, -1.0, -1.0,   0.0,  0.0, -1.0,    0.0,  0.0,
 1.0,  1.0, -1.0,   0.0,  0.0, -1.0,    1.0,  1.0,
 1.0, -1.0, -1.0,   0.0,  0.0, -1.0,    1.0,  0.0,
 1.0,  1.0, -1.0,   0.0,  0.0, -1.0,    1.0,  1.0,
-1.0, -1.0, -1.0,   0.0,  0.0, -1.0,    0.0,  0.0,
-1.0,  1.0, -1.0,   0.0,  0.0, -1.0,    0.0,  1.0,

// front
-1.0, -1.0,  1.0,   0.0,  0.0,  1.0,    0.0,  0.0,
 1.0, -1.0,  1.0,   0.0,  0.0,  1.0,    1.0,  0.0,
 1.0,  1.0,  1.0,   0.0,  0.0,  1.0,    1.0,  1.0,
 1.0,  1.0,  1.0,   0.0,  0.0,  1.0,    1.0,  1.0,
-1.0,  1.0,  1.0,   0.0,  0.0,  1.0,    0.0,  1.0,
-1.0, -1.0,  1.0,   0.0,  0.0,  1.0,    0.0,  0.0,

// left
-1.0,  1.0,  1.0,  -1.0,  0.0,  0.0,    1.0,  0.0,
-1.0,  1.0, -1.0,  -1.0,  0.0,  0.0,    1.0,  1.0,
-1.0, -1.0, -1.0,  -1.0,  0.0,  0.0,    0.0,  1.0,
-1.0, -1.0, -1.0,  -1.0,  0.0,  0.0,    0.0,  1.0,
-1.0, -1.0,  1.0,  -1.0,  0.0,  0.0,    0.0,  0.0,
-1.0,  1.0,  1.0,  -1.0,  0.0,  0.0,    1.0,  0.0,

// right
 1.0,  1.0,  1.0,   1.0,  0.0,  0.0,    1.0,  0.0,
 1.0, -1.0, -1.0,   1.0,  0.0,  0.0,    0.0,  1.0,
 1.0,  1.0, -1.0,   1.0,  0.0,  0.0,    1.0,  1.0,
 1.0, -1.0, -1.0,   1.0,  0.0,  0.0,    0.0,  1.0,
 1.0,  1.0,  1.0,   1.0,  0.0,  0.0,    1.0,  0.0,
 1.0, -1.0,  1.0,   1.0,  0.0,  0.0,    0.0,  0.0,

// bottom
-1.0, -1.0, -1.0,   0.0, -1.0,  0.0,    0.0,  1.0,
 1.0, -1.0, -1.0,   0.0, -1.0,  0.0,    1.0,  1.0,
 1.0, -1.0,  1.0,   0.0, -1.0,  0.0,    1.0,  0.0,
 1.0, -1.0,  1.0,   0.0, -1.0,  0.0,    1.0,  0.0,
-1.0, -1.0,  1.0,   0.0, -1.0,  0.0,    0.0,  0.0,
-1.0, -1.0, -1.0,   0.0, -1.0,  0.0,    0.0,  1.0,

// top
-1.0,  1.0, -1.0,   0.0,  1.0,  0.0,    0.0,  1.0,
 1.0,  1.0,  1.0,   0.0,  1.0,  0.0,    1.0,  0.0,
 1.0,  1.0, -1.0,   0.0,  1.0,  0.0,    1.0,  1.0,
 1.0,  1.0,  1.0,   0.0,  1.0,  0.0,    1.0,  0.0,
-1.0,  1.0, -1.0,   0.0,  1.0,  0.0,    0.0,  1.0,
-1.0,  1.0,  1.0,   0.0,  1.0,  0.0,    0.0,  0.0
